alpha:0.00003
q01:0.4926470588
q10:0.5073529412
y:0.029775074
simulation_number:10950
gradient:0.76779661
second_gradient:0.76779661
third_gradient:0.00004877865
firststate:0
fail_healthy_ratio:0.8
fail_ill_ratio:0.65
