alpha:0.0003
beta:0.00002
gamma:0.14
gradient:0.0005
simulation_number:10950
gradient:0.0000687024
second_gradient:0.0000687024
third_gradient:0.0001625955
firststate:0
fail_healthy_ratio:0.8
fail_ill_ratio:0.65
