alpha:0.00003
beta:0.5
gamma:0.5
simulation_number:10950
gradient:0.00002061072
second_gradient:0.00002061072
third_gradient:0.00004877865
firststate:0
fail_healthy_ratio:0.8
fail_ill_ratio:0.65
