alpha:0.00003
q01:0.5000
q10:0.5000
y:0.0300
simulation_number:10950
gradient:0.470847458
second_gradient:0.0007
third_gradient:0.0007
firststate:0
fail_healthy_ratio:0.8
fail_ill_ratio:0.65
