alpha:0.2 
beta:0.277778
gamma:0.14
simulation_number:1000
gradient:0.27777778,
second_gradient:0.38888889
third_gradient:0.333333
firststate:0
fail_healthy_ratio:0.8
fail_ill_ratio:0.65
