alpha:0.00003
q01:0.5147058824
q10:0.4852941176
y:0.030471976
simulation_number:10950
gradient:0.666101695
second_gradient:0.00002061072
third_gradient:0.00004877865
firststate:0
fail_healthy_ratio:0.8
fail_ill_ratio:0.65
