alpha:0.003
beta:0.0002
gamma:0.14
gradient:0.0005
simulation_number:10950
gradient:0.027
second_gradient:0.038888889
third_gradient:0.0333333
firststate:0
fail_healthy_ratio:0.8
fail_ill_ratio:0.65
