alpha:0.00003
beta:0.517058824
gamma:0.4852941176
simulation_number:10950
gradient:0.000032
second_gradient:0.00002285712
third_gradient:0.00002514288
firststate:0
fail_healthy_ratio:0.8
fail_ill_ratio:0.65
