alpha:0.00003
beta:47.79411765
gamma:52.20588235
simulation_number:10950
gradient:0.00004238408
second_gradient:0.00002384104
third_gradient:0.0000137748
firststate:0
fail_healthy_ratio:0.8
fail_ill_ratio:0.65
