alpha:0.00003
beta:49.26470588
gamma:50.73529412
simulation_number:10950
gradient:0.00002025
second_gradient:0.00003375
third_gradient:0.000036
firststate:0
fail_healthy_ratio:0.8
fail_ill_ratio:0.65
