alpha:0.00002518301
q10:0.886666667
q01:0.113333333
y:0.030471976
simulation_number:10950
gradient:0.666101695
second_gradient:0.00002061072
third_gradient:0.00004877865
firststate:0
fail_healthy_ratio:0.3
fail_ill_ratio:0.7
