alpha:0.003420245
q01:0.772666667
q10:0.772666667
y:0.026629794
simulation_number:10950
gradient:0.616610169
second_gradient:0.00002061072
third_gradient:0.00004877865
firststate:0
fail_healthy_ratio:0.4
fail_ill_ratio:0.6
