alpha:0.00003410494
q01:0.861333333
q10:0.138666667
y:0.0300
simulation_number:10950
gradient:0.470847458
second_gradient:0.0007
third_gradient:0.0007
firststate:0
fail_healthy_ratio:0.5
fail_ill_ratio:0.85
