alpha:0.00003478753
q01:0.823333333
q10:0.176666667
y:0.027946165
simulation_number:10950
gradient:0.591186441
second_gradient:0.00002061072
third_gradient:0.00004877865
firststate:0
fail_healthy_ratio:0.5
fail_ill_ratio:0.85
