alpha:0.00003
beta:0.4926470588
gamma:0.5073529412
simulation_number:10950
gradient:0.00002025
second_gradient:0.00003375
third_gradient:0.000036
firststate:0
fail_healthy_ratio:0.8
fail_ill_ratio:0.65
