alpha:0.3
beta:0.00002
gamma:0.14
gradient:0.0005
simulation_number:10950
gradient:0.00000250002
second_gradient:0.00003500001
third_gradient:0.00002999997
firststate:0
fail_healthy_ratio:0.8
fail_ill_ratio:0.65
